this is the SNR 40 10000.000000

this is the bit error rate of 20 X 20 MIMO 
this is 64 QAM modulation
the SNR per bit is:
0 2 4 6 8 10 12 14 16 18 20 22 24 26 28 30 32 34 36 38 40 
1.000000 1.584893 2.511886 3.981072 6.309574 10.000000 15.848933 25.118862 39.810719 63.095726 100.000000 158.489334 251.188705 398.107086 630.957275 1000.000000 1584.893311 2511.886963 3981.070801 6309.572754 10000.000000 
this is the SNR 40 10000.000000

this is the bit error rate of 16 X 16 MIMO 
this is 64 QAM modulation
the SNR per bit is:
0 2 4 6 8 10 12 14 16 18 20 22 24 26 28 30 32 34 36 38 40 
1.000000 1.584893 2.511886 3.981072 6.309574 10.000000 15.848933 25.118862 39.810719 63.095726 100.000000 158.489334 251.188705 398.107086 630.957275 1000.000000 1584.893311 2511.886963 3981.070801 6309.572754 10000.000000 
0.520833 this is the SNR 40 10000.000000

this is the bit error rate of 16 X 16 MIMO 
this is 64 QAM modulation
the SNR per bit is:
0 2 4 6 8 10 12 14 16 18 20 22 24 26 28 30 32 34 36 38 40 
1.000000 1.584893 2.511886 3.981072 6.309574 10.000000 15.848933 25.118862 39.810719 63.095726 100.000000 158.489334 251.188705 398.107086 630.957275 1000.000000 1584.893311 2511.886963 3981.070801 6309.572754 10000.000000 
0.583333 this is the SNR 40 10000.000000

this is the bit error rate of 16 X 16 MIMO 
this is 64 QAM modulation
the SNR per bit is:
0 2 4 6 8 10 12 14 16 18 20 22 24 26 28 30 32 34 36 38 40 
1.000000 1.584893 2.511886 3.981072 6.309574 10.000000 15.848933 25.118862 39.810719 63.095726 100.000000 158.489334 251.188705 398.107086 630.957275 1000.000000 1584.893311 2511.886963 3981.070801 6309.572754 10000.000000 
0.604167 this is the SNR 100 10000000000.000000

this is the bit error rate of 16 X 16 MIMO 
this is 64 QAM modulation
the SNR per bit is:
0 2 4 6 8 10 12 14 16 18 20 22 24 26 28 30 32 34 36 38 40 42 44 46 48 50 52 54 56 58 60 62 64 66 68 70 72 74 76 78 80 82 84 86 88 90 92 94 96 98 100 
1.000000 1.584893 2.511886 3.981072 6.309574 10.000000 15.848933 25.118862 39.810719 63.095726 100.000000 158.489334 251.188705 398.107086 630.957275 1000.000000 1584.893311 2511.886963 3981.070801 6309.572754 10000.000000 15848.924805 25118.869141 39810.707031 63095.761719 100000.000000 158489.250000 251188.703125 398107.093750 630957.625000 1000000.000000 1584892.500000 2511887.000000 3981070.750000 6309576.000000 10000000.000000 15848925.000000 25118870.000000 39810708.000000 63095764.000000 100000000.000000 158489248.000000 251188416.000000 398107520.000000 630957632.000000 1000000000.000000 1584892544.000000 2511884288.000000 3981075200.000000 6309576192.000000 10000000000.000000 
0.385417 this is the SNR 100 10000000000.000000

this is the bit error rate of 16 X 16 MIMO 
this is 64 QAM modulation
the SNR per bit is:
0 2 4 6 8 10 12 14 16 18 20 22 24 26 28 30 32 34 36 38 40 42 44 46 48 50 52 54 56 58 60 62 64 66 68 70 72 74 76 78 80 82 84 86 88 90 92 94 96 98 100 
1.000000 1.584893 2.511886 3.981072 6.309574 10.000000 15.848933 25.118862 39.810719 63.095726 100.000000 158.489334 251.188705 398.107086 630.957275 1000.000000 1584.893311 2511.886963 3981.070801 6309.572754 10000.000000 15848.924805 25118.869141 39810.707031 63095.761719 100000.000000 158489.250000 251188.703125 398107.093750 630957.625000 1000000.000000 1584892.500000 2511887.000000 3981070.750000 6309576.000000 10000000.000000 15848925.000000 25118870.000000 39810708.000000 63095764.000000 100000000.000000 158489248.000000 251188416.000000 398107520.000000 630957632.000000 1000000000.000000 1584892544.000000 2511884288.000000 3981075200.000000 6309576192.000000 10000000000.000000 
0.479167 this is the SNR 100 10000000000.000000

this is the bit error rate of 16 X 16 MIMO 
this is 64 QAM modulation
the SNR per bit is:
0 2 4 6 8 10 12 14 16 18 20 22 24 26 28 30 32 34 36 38 40 42 44 46 48 50 52 54 56 58 60 62 64 66 68 70 72 74 76 78 80 82 84 86 88 90 92 94 96 98 100 
1.000000 1.584893 2.511886 3.981072 6.309574 10.000000 15.848933 25.118862 39.810719 63.095726 100.000000 158.489334 251.188705 398.107086 630.957275 1000.000000 1584.893311 2511.886963 3981.070801 6309.572754 10000.000000 15848.924805 25118.869141 39810.707031 63095.761719 100000.000000 158489.250000 251188.703125 398107.093750 630957.625000 1000000.000000 1584892.500000 2511887.000000 3981070.750000 6309576.000000 10000000.000000 15848925.000000 25118870.000000 39810708.000000 63095764.000000 100000000.000000 158489248.000000 251188416.000000 398107520.000000 630957632.000000 1000000000.000000 1584892544.000000 2511884288.000000 3981075200.000000 6309576192.000000 10000000000.000000 
0.479167 this is the SNR 100 10000000000.000000

this is the bit error rate of 16 X 16 MIMO 
this is 64 QAM modulation
the SNR per bit is:
0 2 4 6 8 10 12 14 16 18 20 22 24 26 28 30 32 34 36 38 40 42 44 46 48 50 52 54 56 58 60 62 64 66 68 70 72 74 76 78 80 82 84 86 88 90 92 94 96 98 100 
1.000000 1.584893 2.511886 3.981072 6.309574 10.000000 15.848933 25.118862 39.810719 63.095726 100.000000 158.489334 251.188705 398.107086 630.957275 1000.000000 1584.893311 2511.886963 3981.070801 6309.572754 10000.000000 15848.924805 25118.869141 39810.707031 63095.761719 100000.000000 158489.250000 251188.703125 398107.093750 630957.625000 1000000.000000 1584892.500000 2511887.000000 3981070.750000 6309576.000000 10000000.000000 15848925.000000 25118870.000000 39810708.000000 63095764.000000 100000000.000000 158489248.000000 251188416.000000 398107520.000000 630957632.000000 1000000000.000000 1584892544.000000 2511884288.000000 3981075200.000000 6309576192.000000 10000000000.000000 
0.520833 this is the SNR 100 10000000000.000000

this is the bit error rate of 16 X 16 MIMO 
this is 64 QAM modulation
the SNR per bit is:
0 2 4 6 8 10 12 14 16 18 20 22 24 26 28 30 32 34 36 38 40 42 44 46 48 50 52 54 56 58 60 62 64 66 68 70 72 74 76 78 80 82 84 86 88 90 92 94 96 98 100 
1.000000 1.584893 2.511886 3.981072 6.309574 10.000000 15.848933 25.118862 39.810719 63.095726 100.000000 158.489334 251.188705 398.107086 630.957275 1000.000000 1584.893311 2511.886963 3981.070801 6309.572754 10000.000000 15848.924805 25118.869141 39810.707031 63095.761719 100000.000000 158489.250000 251188.703125 398107.093750 630957.625000 1000000.000000 1584892.500000 2511887.000000 3981070.750000 6309576.000000 10000000.000000 15848925.000000 25118870.000000 39810708.000000 63095764.000000 100000000.000000 158489248.000000 251188416.000000 398107520.000000 630957632.000000 1000000000.000000 1584892544.000000 2511884288.000000 3981075200.000000 6309576192.000000 10000000000.000000 
0.520833 this is the SNR 100 10000000000.000000

this is the bit error rate of 16 X 16 MIMO 
this is 64 QAM modulation
the SNR per bit is:
0 2 4 6 8 10 12 14 16 18 20 22 24 26 28 30 32 34 36 38 40 42 44 46 48 50 52 54 56 58 60 62 64 66 68 70 72 74 76 78 80 82 84 86 88 90 92 94 96 98 100 
1.000000 1.584893 2.511886 3.981072 6.309574 10.000000 15.848933 25.118862 39.810719 63.095726 100.000000 158.489334 251.188705 398.107086 630.957275 1000.000000 1584.893311 2511.886963 3981.070801 6309.572754 10000.000000 15848.924805 25118.869141 39810.707031 63095.761719 100000.000000 158489.250000 251188.703125 398107.093750 630957.625000 1000000.000000 1584892.500000 2511887.000000 3981070.750000 6309576.000000 10000000.000000 15848925.000000 25118870.000000 39810708.000000 63095764.000000 100000000.000000 158489248.000000 251188416.000000 398107520.000000 630957632.000000 1000000000.000000 1584892544.000000 2511884288.000000 3981075200.000000 6309576192.000000 10000000000.000000 
0.531250 this is the SNR 100 10000000000.000000

this is the bit error rate of 16 X 16 MIMO 
this is 64 QAM modulation
the SNR per bit is:
0 2 4 6 8 10 12 14 16 18 20 22 24 26 28 30 32 34 36 38 40 42 44 46 48 50 52 54 56 58 60 62 64 66 68 70 72 74 76 78 80 82 84 86 88 90 92 94 96 98 100 
1.000000 1.584893 2.511886 3.981072 6.309574 10.000000 15.848933 25.118862 39.810719 63.095726 100.000000 158.489334 251.188705 398.107086 630.957275 1000.000000 1584.893311 2511.886963 3981.070801 6309.572754 10000.000000 15848.924805 25118.869141 39810.707031 63095.761719 100000.000000 158489.250000 251188.703125 398107.093750 630957.625000 1000000.000000 1584892.500000 2511887.000000 3981070.750000 6309576.000000 10000000.000000 15848925.000000 25118870.000000 39810708.000000 63095764.000000 100000000.000000 158489248.000000 251188416.000000 398107520.000000 630957632.000000 1000000000.000000 1584892544.000000 2511884288.000000 3981075200.000000 6309576192.000000 10000000000.000000 
0.479167 this is the SNR 100 10000000000.000000

this is the bit error rate of 16 X 16 MIMO 
this is 64 QAM modulation
the SNR per bit is:
0 2 4 6 8 10 12 14 16 18 20 22 24 26 28 30 32 34 36 38 40 42 44 46 48 50 52 54 56 58 60 62 64 66 68 70 72 74 76 78 80 82 84 86 88 90 92 94 96 98 100 
1.000000 1.584893 2.511886 3.981072 6.309574 10.000000 15.848933 25.118862 39.810719 63.095726 100.000000 158.489334 251.188705 398.107086 630.957275 1000.000000 1584.893311 2511.886963 3981.070801 6309.572754 10000.000000 15848.924805 25118.869141 39810.707031 63095.761719 100000.000000 158489.250000 251188.703125 398107.093750 630957.625000 1000000.000000 1584892.500000 2511887.000000 3981070.750000 6309576.000000 10000000.000000 15848925.000000 25118870.000000 39810708.000000 63095764.000000 100000000.000000 158489248.000000 251188416.000000 398107520.000000 630957632.000000 1000000000.000000 1584892544.000000 2511884288.000000 3981075200.000000 6309576192.000000 10000000000.000000 
0.541667 this is the SNR 100 10000000000.000000

this is the bit error rate of 16 X 16 MIMO 
this is 64 QAM modulation
the SNR per bit is:
0 2 4 6 8 10 12 14 16 18 20 22 24 26 28 30 32 34 36 38 40 42 44 46 48 50 52 54 56 58 60 62 64 66 68 70 72 74 76 78 80 82 84 86 88 90 92 94 96 98 100 
1.000000 1.584893 2.511886 3.981072 6.309574 10.000000 15.848933 25.118862 39.810719 63.095726 100.000000 158.489334 251.188705 398.107086 630.957275 1000.000000 1584.893311 2511.886963 3981.070801 6309.572754 10000.000000 15848.924805 25118.869141 39810.707031 63095.761719 100000.000000 158489.250000 251188.703125 398107.093750 630957.625000 1000000.000000 1584892.500000 2511887.000000 3981070.750000 6309576.000000 10000000.000000 15848925.000000 25118870.000000 39810708.000000 63095764.000000 100000000.000000 158489248.000000 251188416.000000 398107520.000000 630957632.000000 1000000000.000000 1584892544.000000 2511884288.000000 3981075200.000000 6309576192.000000 10000000000.000000 
0.562500 this is the SNR 100 10000000000.000000

this is the bit error rate of 16 X 16 MIMO 
this is 64 QAM modulation
the SNR per bit is:
0 2 4 6 8 10 12 14 16 18 20 22 24 26 28 30 32 34 36 38 40 42 44 46 48 50 52 54 56 58 60 62 64 66 68 70 72 74 76 78 80 82 84 86 88 90 92 94 96 98 100 
1.000000 1.584893 2.511886 3.981072 6.309574 10.000000 15.848933 25.118862 39.810719 63.095726 100.000000 158.489334 251.188705 398.107086 630.957275 1000.000000 1584.893311 2511.886963 3981.070801 6309.572754 10000.000000 15848.924805 25118.869141 39810.707031 63095.761719 100000.000000 158489.250000 251188.703125 398107.093750 630957.625000 1000000.000000 1584892.500000 2511887.000000 3981070.750000 6309576.000000 10000000.000000 15848925.000000 25118870.000000 39810708.000000 63095764.000000 100000000.000000 158489248.000000 251188416.000000 398107520.000000 630957632.000000 1000000000.000000 1584892544.000000 2511884288.000000 3981075200.000000 6309576192.000000 10000000000.000000 
0.593750 this is the SNR 100 10000000000.000000

this is the bit error rate of 16 X 16 MIMO 
this is 64 QAM modulation
the SNR per bit is:
0 2 4 6 8 10 12 14 16 18 20 22 24 26 28 30 32 34 36 38 40 42 44 46 48 50 52 54 56 58 60 62 64 66 68 70 72 74 76 78 80 82 84 86 88 90 92 94 96 98 100 
1.000000 1.584893 2.511886 3.981072 6.309574 10.000000 15.848933 25.118862 39.810719 63.095726 100.000000 158.489334 251.188705 398.107086 630.957275 1000.000000 1584.893311 2511.886963 3981.070801 6309.572754 10000.000000 15848.924805 25118.869141 39810.707031 63095.761719 100000.000000 158489.250000 251188.703125 398107.093750 630957.625000 1000000.000000 1584892.500000 2511887.000000 3981070.750000 6309576.000000 10000000.000000 15848925.000000 25118870.000000 39810708.000000 63095764.000000 100000000.000000 158489248.000000 251188416.000000 398107520.000000 630957632.000000 1000000000.000000 1584892544.000000 2511884288.000000 3981075200.000000 6309576192.000000 10000000000.000000 
0.468750 this is the SNR 100 10000000000.000000

this is the bit error rate of 16 X 16 MIMO 
this is 64 QAM modulation
the SNR per bit is:
0 2 4 6 8 10 12 14 16 18 20 22 24 26 28 30 32 34 36 38 40 42 44 46 48 50 52 54 56 58 60 62 64 66 68 70 72 74 76 78 80 82 84 86 88 90 92 94 96 98 100 
1.000000 1.584893 2.511886 3.981072 6.309574 10.000000 15.848933 25.118862 39.810719 63.095726 100.000000 158.489334 251.188705 398.107086 630.957275 1000.000000 1584.893311 2511.886963 3981.070801 6309.572754 10000.000000 15848.924805 25118.869141 39810.707031 63095.761719 100000.000000 158489.250000 251188.703125 398107.093750 630957.625000 1000000.000000 1584892.500000 2511887.000000 3981070.750000 6309576.000000 10000000.000000 15848925.000000 25118870.000000 39810708.000000 63095764.000000 100000000.000000 158489248.000000 251188416.000000 398107520.000000 630957632.000000 1000000000.000000 1584892544.000000 2511884288.000000 3981075200.000000 6309576192.000000 10000000000.000000 
0.427083 